[Name]
Shen_Tucker_c_N24L43
[N]
Node0,Node1,Node2,Node3,Node4,Node5,Node6,Node7,Node8,Node9,Node10,Node11,Node12,Node13,Node14,Node15,Node16,Node17,Node18,Node19,Node20,Node21,Node22,Node23
[L]
0,1 0,5 1,5 1,2 2,6 5,6 2,3 2,4 3,4 3,6 4,7 6,7 6,8 5,8 7,9 8,9 5,10 8,10 8,11 9,12 9,13 10,11 11,12 12,13 10,14 11,15 12,16 13,17 10,18 18,19 14,19 14,15 15,20 19,20 15,21 20,21 15,16 16,21 21,22 16,22 16,17 22,23 17,23
[Nm]
0:1,5 1:0,5,2 2:1,6,3,4 3:2,6,4 4:2,3,7 5:0,10,8,6,1 6:2,5,8,7,3 7:4,6,9 8:6,5,10,11,9 9:7,8,12,13 10:5,18,14,11,8 11:8,10,15,12 12:9,11,16,13 13:9,12,17 14:10,19,15 15:11,14,20,21,16 16:12,15,21,22,17 17:13,16,23 18:10,19 19:14,18,20 20:15,19,21 21:15,20,22,16 22:16,21,23 23:17,22
[Dist]
252.0,364.0,360.0,216.0,304.0,292.0,276.0,432.0,220.0,280.0,368.0,464.0,328.0,360.0,272.0,440.0,572.0,364.0,320.0,320.0,268.0,288.0,236.0,244.0,344.0,280.0,332.0,388.0,648.0,188.0,272.0,228.0,288.0,216.0,272.0,164.0,224.0,168.0,260.0,364.0,280.0,180.0,280.0
[HasWavConv]
1,1,1,1,1,1,1,1,1,1,1,1,1,1,1,1,1,1,1,1,1,1,1,1