[Name]
Shen_Tucker_b_N14L21
[N]
Node0,Node1,Node2,Node3,Node4,Node5,Node6,Node7,Node8,Node9,Node10,Node11,Node12,Node13
[L]
0,1 0,2 1,2 0,3 1,7 2,5 3,4 4,5 4,6 6,7 7,8 3,10 5,9 5,12 8,9 8,11 8,13 10,11 11,12 10,13 12,13
[Nm]
0:1,3,2 1:0,2,7 2:0,1,5 3:0,4,10 4:3,5,6 5:2,4,9,12 6:4,7 7:6,1,8 8:7,11,13,9 9:5,8 10:3,11,13 11:8,10,12 12:5,11,13 13:12,8,10
[Dist]
260.0,252.0,380.0,324.0,868.0,416.0,248.0,272.0,292.0,212.0,224.0,1140.0,704.0,1036.0,752.0,536.0,668.0,408.0,664.0,684.0,352.0
[HasWavConv]
1,1,1,1,1,1,1,1,1,1,1,1,1,1